0 0.235156 0.288194 0.035937 0.062500
0 0.259766 0.290278 0.035156 0.066667
0 0.286328 0.290278 0.033594 0.066667
0 0.310937 0.288889 0.035937 0.066667
0 0.336328 0.290972 0.033594 0.062500
0 0.376563 0.287500 0.032813 0.063889
0 0.404297 0.288194 0.027344 0.059722
0 0.430078 0.290278 0.025781 0.063889
0 0.454688 0.287500 0.026562 0.063889
0 0.481250 0.288889 0.028125 0.061111
0 0.506250 0.286806 0.025000 0.054167
0 0.532813 0.286806 0.026562 0.056944
0 0.560937 0.281944 0.025000 0.052778
0 0.588672 0.282639 0.028906 0.059722
0 0.617969 0.282639 0.025000 0.059722
0 0.644141 0.281250 0.027344 0.054167
0 0.673047 0.281250 0.027344 0.054167
0 0.701172 0.278472 0.027344 0.051389
0 0.731641 0.280556 0.030469 0.055556
0 0.760938 0.277083 0.028125 0.062500
0 0.786719 0.277083 0.031250 0.054167
0 0.816406 0.274306 0.035937 0.062500
0 0.197656 0.400694 0.042188 0.059722
0 0.223047 0.399306 0.041406 0.062500
0 0.249609 0.401389 0.038281 0.063889
0 0.281641 0.401389 0.039844 0.058333
0 0.312891 0.402778 0.036719 0.061111
0 0.350391 0.402083 0.035156 0.056944
0 0.375391 0.401389 0.035156 0.061111
0 0.409766 0.395833 0.033594 0.058333
0 0.436328 0.397917 0.033594 0.056944
0 0.465234 0.396528 0.035156 0.062500
0 0.495703 0.395833 0.032031 0.061111
0 0.521875 0.396528 0.031250 0.059722
0 0.553125 0.395139 0.029687 0.068056
0 0.583594 0.396528 0.029687 0.059722
0 0.613281 0.393056 0.034375 0.063889
0 0.647266 0.388889 0.030469 0.072222
0 0.678906 0.393750 0.031250 0.073611
0 0.709375 0.389583 0.035937 0.073611
0 0.741016 0.391667 0.032031 0.069444
0 0.773438 0.391667 0.037500 0.075000
0 0.839453 0.391667 0.036719 0.066667
0 0.176172 0.461806 0.036719 0.079167
0 0.205078 0.463889 0.044531 0.080556
0 0.232422 0.459722 0.039844 0.083333
0 0.260156 0.467361 0.040625 0.079167
0 0.291016 0.465278 0.036719 0.080556
0 0.335547 0.468750 0.030469 0.084722
0 0.367188 0.466667 0.042188 0.083333
0 0.394531 0.468056 0.037500 0.077778
0 0.427344 0.463889 0.037500 0.083333
0 0.456641 0.468056 0.030469 0.075000
0 0.489844 0.468056 0.032813 0.075000
0 0.518750 0.468750 0.032813 0.070833
0 0.552344 0.465972 0.026562 0.070833
0 0.582422 0.467361 0.032031 0.070833
0 0.613672 0.466667 0.028906 0.072222
0 0.646875 0.463889 0.031250 0.072222
0 0.680469 0.467361 0.031250 0.070833
0 0.121875 0.615278 0.045312 0.083333
0 0.151562 0.618056 0.045312 0.077778
0 0.187109 0.618750 0.044531 0.079167
0 0.219141 0.616667 0.041406 0.077778
0 0.251563 0.622222 0.042188 0.075000
0 0.302344 0.618750 0.039062 0.070833
0 0.336719 0.616667 0.040625 0.077778
0 0.372656 0.620139 0.048438 0.084722
0 0.405078 0.620139 0.041406 0.079167
0 0.438672 0.623611 0.041406 0.080556
0 0.471094 0.622222 0.035937 0.080556
0 0.506641 0.624306 0.036719 0.087500
0 0.541406 0.620833 0.037500 0.077778
0 0.578906 0.622222 0.035937 0.086111
0 0.614062 0.620139 0.035937 0.081944
0 0.651953 0.625694 0.036719 0.081944
0 0.689453 0.627778 0.041406 0.083333
0 0.726562 0.625694 0.042188 0.081944
0 0.764062 0.625000 0.040625 0.088889
0 0.801172 0.627778 0.044531 0.091667
0 0.875000 0.621528 0.048438 0.087500
0 0.257031 0.736806 0.053125 0.087500