0 0.566016 0.865972 0.125781 0.206944
0 0.605469 0.720139 0.115625 0.187500
0 0.635156 0.623611 0.103125 0.138889
0 0.652734 0.522917 0.100781 0.148611
0 0.675000 0.451389 0.084375 0.119444
0 0.691406 0.375000 0.082812 0.108333
0 0.705859 0.318750 0.082031 0.098611
0 0.723437 0.272222 0.081250 0.083333
0 0.733984 0.226389 0.066406 0.072222
0 0.436719 0.866667 0.139063 0.169444
0 0.576172 0.436806 0.092969 0.093056
0 0.600781 0.375694 0.090625 0.079167
0 0.620703 0.313889 0.091406 0.077778
0 0.635938 0.264583 0.084375 0.062500
0 0.657422 0.222917 0.067969 0.051389
0 0.312109 0.400694 0.060156 0.106944
0 0.349219 0.342361 0.060937 0.093056
0 0.387500 0.295139 0.059375 0.093056
0 0.415625 0.245833 0.057813 0.075000
0 0.443750 0.205556 0.059375 0.077778
0 0.467969 0.172917 0.056250 0.070833
0 0.180078 0.443750 0.064844 0.123611
0 0.228906 0.385417 0.064062 0.101389
0 0.276172 0.329861 0.058594 0.095833
0 0.312891 0.276389 0.053906 0.080556
0 0.347656 0.236806 0.054688 0.084722
0 0.379688 0.203472 0.056250 0.079167
0 0.408203 0.170833 0.049219 0.069444