0 0.235156 0.288194 0.035937 0.062500
0 0.376563 0.287500 0.032813 0.063889
0 0.644141 0.281250 0.027344 0.054167
0 0.197656 0.400694 0.042188 0.059722
0 0.312891 0.402778 0.036719 0.061111
0 0.521875 0.396528 0.031250 0.059722
0 0.176172 0.461806 0.036719 0.079167
0 0.205078 0.463889 0.044531 0.080556
0 0.232422 0.459722 0.039844 0.083333
0 0.260156 0.467361 0.040625 0.079167
0 0.291016 0.465278 0.036719 0.080556
0 0.335547 0.468750 0.030469 0.084722
0 0.367188 0.466667 0.042188 0.083333
0 0.427344 0.463889 0.037500 0.083333
0 0.456641 0.468056 0.030469 0.075000
0 0.518750 0.468750 0.032813 0.070833
0 0.552344 0.465972 0.026562 0.070833
0 0.680469 0.467361 0.031250 0.070833
0 0.121875 0.615278 0.045312 0.083333
0 0.151562 0.618056 0.045312 0.077778
0 0.187109 0.618750 0.044531 0.079167
0 0.219141 0.616667 0.041406 0.077778
0 0.251563 0.622222 0.042188 0.075000
0 0.302344 0.618750 0.039062 0.070833
0 0.372656 0.620139 0.048438 0.084722
0 0.438672 0.623611 0.041406 0.080556
0 0.506641 0.624306 0.036719 0.087500
0 0.578906 0.622222 0.035937 0.086111
0 0.614062 0.620139 0.035937 0.081944
0 0.651953 0.625694 0.036719 0.081944