0 0.540234 0.819444 0.130469 0.177778
0 0.483203 0.679167 0.119531 0.138889
0 0.436328 0.570833 0.105469 0.125000
0 0.398047 0.479167 0.099219 0.113889
0 0.364063 0.394444 0.090625 0.088889
0 0.344141 0.320139 0.088281 0.090278
0 0.309766 0.254861 0.083594 0.076389
0 0.284766 0.195833 0.075781 0.077778
0 0.271094 0.148611 0.071875 0.063889
0 0.250781 0.102778 0.067187 0.063889
0 0.623047 0.727778 0.105469 0.127778
0 0.550781 0.612500 0.110937 0.122222
0 0.518359 0.504167 0.094531 0.108333
0 0.475000 0.415278 0.101562 0.097222
0 0.414844 0.272222 0.090625 0.080556
0 0.386328 0.217361 0.077344 0.068056
0 0.333984 0.118056 0.069531 0.055556
0 0.884375 0.529167 0.076563 0.111111
0 0.706641 0.302778 0.064844 0.097222
0 0.621875 0.191667 0.056250 0.094444
0 0.583203 0.139583 0.058594 0.081944
0 0.520312 0.060417 0.057813 0.093056
0 0.937109 0.454167 0.094531 0.097222
0 0.872656 0.365972 0.081250 0.090278
0 0.819141 0.295139 0.088281 0.076389
0 0.763672 0.229861 0.078906 0.070833
0 0.677734 0.127778 0.075781 0.066667
0 0.606641 0.045139 0.069531 0.056944
0 0.900391 0.164583 0.046094 0.095833
0 0.806250 0.084028 0.050000 0.076389